{
 "cells": [
  {
   "cell_type": "code",
   "execution_count": 1,
   "id": "d85ba800-e965-486b-ad52-35a2e47dd61d",
   "metadata": {},
   "outputs": [],
   "source": [
    "from __future__ import print_function\n",
    "from fenics import *\n",
    "import numpy as np\n",
    "import random\n",
    "import matplotlib.pyplot as plt\n",
    "import copy\n",
    "%matplotlib inline"
   ]
  },
  {
   "cell_type": "code",
   "execution_count": null,
   "id": "31fce683-64df-4255-a165-ad2b64bd6053",
   "metadata": {},
   "outputs": [],
   "source": [
    "\"\"\"\n",
    "2D random heat equation with forcing term f = 0\n",
    " \n",
    " \n",
    "  du/dt = - div(a(ξ)∇u)   in the unit square\n",
    "  u = 0                   on the boundary\n",
    "  u = u_0                 at t = 0\n",
    " \n",
    "  D = [0,1]^2  is physical space\n",
    "  Τ = [-1,1]^M  is sample space\n",
    "\n",
    "a(x,ξ) = 0.3 + sum_{m=1}^M (cos(2πmx1)+cos(2πmx2)/m^2π^2 * ξm)\n",
    "u_0 = 10 sin(πx1) sin(πx2) + 4/3 sin(6πx1) sin(6πx2) + 2 sin(2πx1) sin(2πx2)ξ1 + 2 sin(4πx1) sin(4πx2)ξ2 + 2 sin(6πx1) sin(6πx2)(ξ1^2 − E[ξ1^2])\n",
    "\n",
    "\"\"\"\n",
    "\n",
    "class DLR:\n",
    "    def __init__(self,dt,n,M,R = 3,sample_size = 50):\n",
    "        self.dt = dt # time step\n",
    "        self.nx = n # number of mesh\n",
    "        self.ny = n\n",
    "        self.h = 1 / n # element size\n",
    "        self.M = M # The number of random variables( The number of truncation of a(ξ))\n",
    "        self.R = R # rank of DLR\n",
    "        self.sample_size = sample_size # stochastic discretization\n",
    "\n",
    "        self.mesh = UnitSquareMesh(self.nx, self.ny)\n",
    "        self.V = FunctionSpace(self.mesh, 'P', 1)\n",
    "        # self.V_R = MixedFunctionSpace([self.V] * self.R)\n",
    "\n",
    "        ## Define boundary condition\n",
    "        self.bc = DirichletBC(self.V, Constant(0), 'on_boundary')\n",
    "\n",
    "        \n",
    "        ## Initialize functions \n",
    "        #set random values\n",
    "        self.sampled = self.sampling() #(M,self.sample_size) ,unifrom random values in T\n",
    "        ksi_1 = self.sampled[0]\n",
    "        ksi_2 = self.sampled[1]\n",
    "\n",
    "        # E[u]\n",
    "        mean = Expression('10 * sin(pi * x[0]) * sin(pi * x[1]) + 4/3 * sin(6 * pi * x[0]) * sin(6 * pi * x[1])',degree=3) \n",
    "        self.mean = interpolate(mean,self.V)  #(V_h)\n",
    "        self.mean_n = interpolate(mean,self.V) \n",
    "        \n",
    "        \n",
    "        # deterministic basis functions\n",
    "        self.U = []#  (R,V_h) # R=3\n",
    "        self.U_n = []\n",
    "        U_1 = Expression('2 * sin(2 * pi * x[0]) * sin(2 * pi * x[1])',degree=3)\n",
    "        self.U.append(interpolate(U_1,self.V))\n",
    "        self.U_n.append(interpolate(U_1,self.V))\n",
    "        U_2 = Expression('2 * sin(4 * pi * x[0]) * sin(4 * pi * x[1])',degree=3)\n",
    "        self.U.append(interpolate(U_2,self.V))\n",
    "        self.U_n.append(interpolate(U_2,self.V))\n",
    "        U_3 = Expression('2 * sin(6 * pi * x[0]) * sin(6 * pi * x[1])',degree=3)\n",
    "        self.U.append(interpolate(U_3,self.V))\n",
    "        self.U_n.append(interpolate(U_3,self.V))\n",
    "        \n",
    "        # stochatic basis functions                \n",
    "        self.Y = [] #(R,sample_size) # R=3\n",
    "        Y_1 = ksi_1\n",
    "        self.Y.append(Y_1)\n",
    "        Y_2 = ksi_2\n",
    "        self.Y.append(Y_2)\n",
    "        Y_3 = ksi_1 ** 2 - np.mean(ksi_1 ** 2)\n",
    "        self.Y.append(Y_3)\n",
    "        \n",
    "        \n",
    "        self.matrix = np.zeros((R,R))\n",
    "\n",
    "        ## set coefficient\n",
    "        self.a_0 = Constant(0.3) #(L^♾️)\n",
    "        self.a_sto = [] #(sample_size,L^♾️)\n",
    "        self.a = [] #(sample_size,L^♾️)\n",
    "        for i in range(self.sample_size):\n",
    "            str_expr = \"\"\n",
    "            for j in range(1, self.M + 1):\n",
    "                str_expr += f\"( cos(2 * pi * {j} * x[0] ) + cos(2 * pi * {j} * x[1] ) ) / ({j} * {j} * pi * pi) * sampled[{j-1}] + \"\n",
    "            str_expr = str_expr[:-3]\n",
    "            self.a_sto.append(Expression(str_expr, degree=3, sampled=Constant(self.sampled[:,i])))\n",
    "            str_expr += \" + 0.3\"\n",
    "            self.a.append(Expression(str_expr, degree=3, sampled=Constant(self.sampled[:,i])))\n",
    "        for i in range(self.sample_size):\n",
    "            self.a[i] = interpolate(self.a[i],self.V)\n",
    "\n",
    "                   \n",
    "        ##for plot\n",
    "        self.timelist = []\n",
    "        self.energylist = []\n",
    "\n",
    "    \n",
    "    def sampling(self):\n",
    "        return np.random.uniform(low=-1.0, high=1.0, size=(self.M,self.sample_size))\n",
    "\n",
    "    # calculate quadratures, M_i,j = <U_i,U_j>\n",
    "    def matrix_calculate(self):\n",
    "        for i in range(self.R):\n",
    "            for j in range(i,self.R):\n",
    "                value = assemble(inner(self.U[i], self.U[j]) * dx)\n",
    "                self.matrix[i][j] = value\n",
    "                self.matrix[j][i] = value\n",
    "\n",
    "    ## subfunctions for calculating dinamics\n",
    "\n",
    "    # for explicit　 + semi-implicit\n",
    "\n",
    "    def E_a_grad_u(self,a):\n",
    "        ans = self.a[0]* grad(self.mean_n + self.U_n[0] * self.Y[0][0] + self.U_n[1] * self.Y[1][0] + self.U_n[2] * self.Y[2][0])\n",
    "        for i in range(1,self.sample_size):\n",
    "            ans += (self.a[i]* grad(self.mean_n + self.U_n[0] * self.Y[0][i] + self.U_n[1] * self.Y[1][i] + self.U_n[2] * self.Y[2][i]))\n",
    "        ans /= self.sample_size\n",
    "        return ans\n",
    "\n",
    "    def E_a_grad_u_Y(self,a,Y):\n",
    "        ans = (self.a[0]* grad(self.mean_n + self.U_n[0] * self.Y[0][0] + self.U_n[1] * self.Y[1][0] + self.U_n[2] * self.Y[2][0])) * Y[0]\n",
    "        for i in range(1,self.sample_size):\n",
    "            ans += (self.a[i]* grad(self.mean_n + self.U_n[0] * self.Y[0][i] + self.U_n[1] * self.Y[1][i] + self.U_n[2] * self.Y[2][i])) *Y[i]\n",
    "        ans /= self.sample_size\n",
    "        return ans\n",
    "\n",
    "    \n",
    "    # def a_grad_u_grad_U(self,a):\n",
    "    #     ans = np.zeros((self.R,self.sample_size)) \n",
    "    #     u = []\n",
    "    #     for i in range(self.sample_size):\n",
    "    #         u.append(self.mean + self.U[0] * Constant(self.Y[0][i]) + self.U[1] * Constant(self.Y[1][i]) + self.U[2] * Constant(self.Y[2][i]))\n",
    "    #     for i in range(self.R):\n",
    "    #         for j in range(self.sample_size):\n",
    "    #             ans[i][j] = assemble(self.a[j] * dot(grad(u[j]),grad(self.U[i])) * dx)\n",
    "    #     return ans\n",
    "\n",
    "    def a_grad_u_grad_U(self,a):\n",
    "        ans = np.zeros((self.R,self.sample_size)) \n",
    "        u = []\n",
    "        for i in range(self.sample_size):\n",
    "            u.append(self.mean + self.U[0] * Constant(self.Y[0][i]) + self.U[1] * Constant(self.Y[1][i]) + self.U[2] * Constant(self.Y[2][i]))\n",
    "        for i in range(self.R):\n",
    "            for j in range(self.sample_size):\n",
    "                ans[i][j] = assemble(self.a[j] * dot(grad(u[j]),grad(self.U[i])) * dx)\n",
    "        row_means = np.mean(ans, axis=1)\n",
    "        ans -= row_means[:, np.newaxis]\n",
    "\n",
    "        return ans\n",
    "\n",
    "    # for semi_implicit\n",
    "    def dt_a0_grad_U_grad_U(self):\n",
    "        ans = np.zeros((self.R,self.R)) \n",
    "        for i in range(self.R):\n",
    "            for j in range(i,self.R):\n",
    "                value = self.dt *  assemble(self.a_0 * dot(grad(self.U[i]),grad(self.U[j])) * dx)\n",
    "                ans[i][j] = value\n",
    "                ans[j][i] = value\n",
    "        return ans\n",
    "\n",
    "    # def pre_assemble(self):\n",
    "    #     self.u_1 = Function(self.V)\n",
    "    #     self.u_2 = Function(self.V)\n",
    "    #     self.u_3 = Function(self.V)\n",
    "    #     self.agradugradv = self.u_3 * dot(grad(self.u_1),grad(self.u_2)) * dx\n",
    "    #     assemble(self.a)\n",
    "\n",
    "    # def a_grad_u_grad_U(self,a):\n",
    "    #     ans = np.zeros((self.R,self.sample_size)) \n",
    "    #     u = []\n",
    "    #     for i in range(self.sample_size):\n",
    "    #         u.append(self.mean + self.U[0] * Constant(self.Y[0][i]) + self.U[1] * Constant(self.Y[1][i]) + self.U[2] * Constant(self.Y[2][i]))\n",
    "    #     for i in range(self.R):\n",
    "    #         for j in range(self.sample_size):\n",
    "    #             ans[i][j] = assemble(self.agradugradv(coefficients={self.u_3=a[j],self.u_1 = u[j],self.u_2 = self.U[i]}))\n",
    "    #                 # self.a[j] * dot(grad(u[j]),grad(self.U[i])) * dx)\n",
    "    #     return ans\n",
    "                             \n",
    "                          \n",
    "\n",
    "    def orthogonal_projection(self,v):\n",
    "        return v - np.inner(v,self.Y[0]) * self.Y[0] - np.inner(v,self.Y[1]) * self.Y[1] - np.inner(v,self.Y[2]) * self.Y[2]\n",
    "\n",
    "    def reorthogonalize(self):\n",
    "        Q, _ = np.linalg.qr(np.transpose(self.Y))\n",
    "        self.Y = np.transpose(Q)\n",
    "        [self.U[0].vector()[:],self.U[1].vector()[:],self.U[2].vector()[:]] = np.matmul(_,[self.U[0].vector()[:],self.U[1].vector()[:],self.U[2].vector()[:]])\n",
    "\n",
    "\n",
    "    #explicit scheme\n",
    "    def explicit_simulate(self,end = 2.5):\n",
    "        t = 0\n",
    "        count = 0 # calculate energynorm each step is cotly so only every some steps\n",
    "        self.timelist.append(t)\n",
    "        self.energylist.append(self.energynorm())\n",
    "        print(self.energynorm())\n",
    "\n",
    "        # Define variational problem\n",
    "        \n",
    "        self.mean = TrialFunction(self.V)\n",
    "        self.U[0] = TrialFunction(self.V)\n",
    "        self.U[1] = TrialFunction(self.V)\n",
    "        self.U[2] = TrialFunction(self.V)\n",
    "        v = TestFunction(self.V)\n",
    "\n",
    "        a_mean = self.mean * v * dx  \n",
    "        L_mean = self.mean_n * v * dx - self.dt * dot(self.E_a_grad_u(self.a), grad(v)) * dx\n",
    "        a_1 = self.U[0] * v * dx\n",
    "        L_1 = self.U_n[0] * v * dx - self.dt * dot(self.E_a_grad_u_Y(self.a,self.Y[0]), grad(v)) * dx\n",
    "        a_2 = self.U[1] * v * dx\n",
    "        L_2 = self.U_n[1] * v * dx - self.dt * dot(self.E_a_grad_u_Y(self.a,self.Y[1]), grad(v)) * dx\n",
    "        a_3 = self.U[2] * v * dx\n",
    "        L_3 = self.U_n[2] * v * dx - self.dt * dot(self.E_a_grad_u_Y(self.a,self.Y[2]), grad(v)) * dx\n",
    "         \n",
    "        self.mean = Function(self.V)\n",
    "        self.U[0] = Function(self.V)\n",
    "        self.U[1] = Function(self.V)\n",
    "        self.U[2] = Function(self.V)\n",
    "        \n",
    "        while t < end:           \n",
    "            # Compute solution\n",
    "            solve(a_mean == L_mean, self.mean, self.bc) \n",
    "            solve(a_1 == L_1, self.U[0], self.bc)\n",
    "            solve(a_2 == L_2, self.U[1], self.bc)\n",
    "            solve(a_3 == L_3, self.U[2], self.bc)\n",
    "         \n",
    "            self.matrix_calculate()\n",
    "            \n",
    "            A = np.array([self.orthogonal_projection(self.a_grad_u_grad_U(self.a)[0]),self.orthogonal_projection(self.a_grad_u_grad_U(self.a)[1]),self.orthogonal_projection(self.a_grad_u_grad_U(self.a)[2])])\n",
    "            self.Y += -self.dt * np.matmul(np.linalg.inv(self.matrix),A)\n",
    "            \n",
    "            # reorthogonalize\n",
    "            self.reorthogonalize()\n",
    "\n",
    "            t  += self.dt\n",
    "            count += 1\n",
    "            \n",
    "            self.mean_n.assign(self.mean) \n",
    "            self.U_n[0].assign(self.U[0])\n",
    "            self.U_n[1].assign(self.U[1])\n",
    "            self.U_n[2].assign(self.U[2])\n",
    "            \n",
    "            if count % 100 == 0:\n",
    "                self.timelist.append(t)\n",
    "                energy = self.energynorm()\n",
    "                self.energylist.append(energy)\n",
    "                print(energy)\n",
    "                if energy > 10 ** 7:\n",
    "                    break \n",
    "                    \n",
    "        self.plot_field()\n",
    "        self.plot_norm()\n",
    "\n",
    "        \n",
    "\n",
    "    #semi implicit scheme\n",
    "    def semi_implicit_simulate(self,end = 2.5):\n",
    "        t = 0\n",
    "        count = 0 # calculate energynorm each step is cotly so only every some steps\n",
    "        self.timelist.append(t)\n",
    "        self.energylist.append(self.energynorm())\n",
    "        print(self.energynorm())\n",
    "\n",
    "        # Define variational problem\n",
    "        \n",
    "        self.mean = TrialFunction(self.V)\n",
    "        self.U[0] = TrialFunction(self.V)\n",
    "        self.U[1] = TrialFunction(self.V)\n",
    "        self.U[2] = TrialFunction(self.V)\n",
    "        v = TestFunction(self.V)\n",
    "\n",
    "        a_mean = self.mean * v * dx  + self.dt * self.a_0 * dot(grad(self.mean),grad(v)) * dx\n",
    "        L_mean = self.mean_n * v * dx - self.dt * dot(self.E_a_grad_u(self.a_sto),grad(v)) * dx\n",
    "        a_1 = self.U[0] * v * dx + self.dt * self.a_0 * dot(grad(self.U[0]),grad(v)) * dx\n",
    "        L_1 = self.U_n[0] * v * dx - self.dt * dot(self.E_a_grad_u_Y(self.a_sto,self.Y[0]), grad(v)) * dx\n",
    "        a_2 = self.U[1] * v * dx + self.dt * self.a_0 * dot(grad(self.U[1]),grad(v)) * dx\n",
    "        L_2 = self.U_n[1] * v * dx - self.dt * dot(self.E_a_grad_u_Y(self.a_sto,self.Y[1]), grad(v)) * dx\n",
    "        a_3 = self.U[2] * v * dx + + self.dt * self.a_0 * dot(grad(self.U[2]),grad(v)) * dx\n",
    "        L_3 = self.U_n[2] * v * dx - self.dt * dot(self.E_a_grad_u_Y(self.a_sto,self.Y[2]), grad(v)) * dx\n",
    "         \n",
    "        self.mean = Function(self.V)\n",
    "        self.U[0] = Function(self.V)\n",
    "        self.U[1] = Function(self.V)\n",
    "        self.U[2] = Function(self.V)\n",
    "\n",
    "        while t < end:           \n",
    "            # Compute solution\n",
    "            solve(a_mean == L_mean, self.mean, self.bc) \n",
    "            solve(a_1 == L_1, self.U[0], self.bc)\n",
    "            solve(a_2 == L_2, self.U[1], self.bc)\n",
    "            solve(a_3 == L_3, self.U[2], self.bc)\n",
    "         \n",
    "            self.matrix_calculate()\n",
    "            \n",
    "            \n",
    "            A = np.array([self.orthogonal_projection(self.a_grad_u_grad_U(self.a_sto)[0]),self.orthogonal_projection(self.a_grad_u_grad_U(self.a_sto)[1]),self.orthogonal_projection(self.a_grad_u_grad_U(self.a_sto)[2])])\n",
    "            self.Y += -self.dt * np.matmul(np.linalg.inv(self.matrix + self.dt_a0_grad_U_grad_U()),A)\n",
    "\n",
    "            # print(self.matrix + self.dt_a0_grad_U_grad_U()) \n",
    "            # print(self.matrix)\n",
    "            # print(np.linalg.inv(self.matrix + self.dt_a0_grad_U_grad_U()))\n",
    "            # print(np.linalg.inv(self.matrix))\n",
    "            \n",
    "            # reorthogonalize\n",
    "            self.reorthogonalize()\n",
    "\n",
    "            t  += self.dt\n",
    "            count += 1\n",
    "            \n",
    "            self.mean_n.assign(self.mean) \n",
    "            self.U_n[0].assign(self.U[0])\n",
    "            self.U_n[1].assign(self.U[1])\n",
    "            self.U_n[2].assign(self.U[2])\n",
    "            \n",
    "            if count % 1 == 0:\n",
    "                self.timelist.append(t)\n",
    "                energy = self.energynorm()\n",
    "                self.energylist.append(energy)\n",
    "                print(energy)\n",
    "                if energy > 10 ** 7:\n",
    "                    break \n",
    "                    \n",
    "        self.plot_field()\n",
    "        self.plot_norm()\n",
    "\n",
    "        \n",
    "        \n",
    "\n",
    "   #energy norm\n",
    "\n",
    "    def energynorm(self):\n",
    "        u = self.mean + self.U[0] * Constant(self.Y[0][0]) + self.U[1] * Constant(self.Y[1][0]) + self.U[2] * Constant(self.Y[2][0])\n",
    "        form = self.a[0] * inner(grad(u), grad(u)) * dx\n",
    "        for i in range(1,self.sample_size):\n",
    "            u = self.mean + self.U[0] * Constant(self.Y[0][i]) + self.U[1] * Constant(self.Y[1][i]) + self.U[2] * Constant(self.Y[2][i])\n",
    "            form += self.a[i] * inner(grad(u), grad(u)) * dx\n",
    "        energy = assemble(form) / self.sample_size\n",
    "        return energy\n",
    "\n",
    "    \n",
    "    # monitor energy norm\n",
    "    def plot_norm(self):\n",
    "            plt.plot(self.timelist, self.energylist)\n",
    "            plt.yscale('log')\n",
    "            plt.xlabel(\"time\")\n",
    "            plt.ylabel(\"energy norm\")\n",
    "            plt.legend(['energy norm'])\n",
    "            plt.show()\n",
    "        \n",
    "    #visualize mean function of the random field\n",
    "    def plot_field(self):\n",
    "        u = self.mean + self.U[0] * np.mean(self.Y[0]) + self.U[1] * np.mean(self.Y[1]) + self.U[2] * np.mean(self.Y[2])\n",
    "        plot(self.mean)\n",
    "        plt.show()\n",
    "        \n",
    "\n",
    "\n",
    "    \n",
    "\n",
    "   \n",
    "    \n"
   ]
  },
  {
   "cell_type": "code",
   "execution_count": 3,
   "id": "bdec6825-d5b6-4cc4-b63e-8e9ee6ac7cfb",
   "metadata": {},
   "outputs": [
    {
     "name": "stdout",
     "output_type": "stream",
     "text": [
      "221.66163723887917\n",
      "Calling FFC just-in-time (JIT) compiler, this may take some time.\n",
      "Solving linear variational problem.\n",
      "Calling FFC just-in-time (JIT) compiler, this may take some time.\n",
      "Solving linear variational problem.\n",
      "Calling FFC just-in-time (JIT) compiler, this may take some time.\n",
      "Solving linear variational problem.\n",
      "Calling FFC just-in-time (JIT) compiler, this may take some time.\n",
      "Solving linear variational problem.やばい\n",
      "やばい\n",
      "\n",
      "[[ 3.53576264  2.41969225 -0.9503048 ]\n",
      " [ 2.41969225  7.97017339 -0.96196484]\n",
      " [-0.9503048  -0.96196484  0.78906255]]\n",
      "[[ 0.12192794  0.06865988 -0.01032724]\n",
      " [ 0.06865988  0.12425939 -0.00903626]\n",
      " [-0.01032724 -0.00903626  0.00413111]]\n",
      "[[ 0.46354683 -0.08600375  0.45342184]\n",
      " [-0.08600375  0.16307129  0.09522574]\n",
      " [ 0.45342184  0.09522574  1.92949568]]\n",
      "[[ 13.19276321  -5.81657758  20.25718508]\n",
      " [ -5.81657758  12.1344276   12.00176018]\n",
      " [ 20.25718508  12.00176018 318.95797376]]\n",
      "5434.931639584326\n",
      "やばい\n",
      "やばい\n",
      "やばい\n",
      "Solving linear variational problem.\n",
      "Solving linear variational problem.\n",
      "Solving linear variational problem.\n",
      "Solving linear variational problem.\n",
      "[[14220.65737909 -2459.8509656   -366.39015667]\n",
      " [-2459.8509656   5249.95831992  -602.02378039]\n",
      " [ -366.39015667  -602.02378039   150.67846941]]\n",
      "[[310.32044141  -6.59715793  -8.77575048]\n",
      " [ -6.59715793  46.2001339   -6.80665666]\n",
      " [ -8.77575048  -6.80665666   2.69167465]]\n",
      "[[0.0001263  0.00017421 0.00100318]\n",
      " [0.00017421 0.00059184 0.00278829]\n",
      " [0.00100318 0.00278829 0.02021636]]\n",
      "[[0.00395075 0.0039237  0.02280292]\n",
      " [0.0039237  0.03839436 0.10988349]\n",
      " [0.02280292 0.10988349 0.72373232]]\n",
      "1685.26978050474\n",
      "Solving linear variational problem.\n",
      "やばい\n",
      "やばい\n",
      "Solving linear variational problem.\n",
      "Solving linear variational problem.\n",
      "Solving linear variational problem.\n",
      "[[1838.17583532  -82.17155345  -91.85695059]\n",
      " [ -82.17155345  735.50458453  -79.93174088]\n",
      " [ -91.85695059  -79.93174088   77.26446316]]\n",
      "[[40.32778114  4.53910053 -2.01468218]\n",
      " [ 4.53910053  8.34075057 -0.88033043]\n",
      " [-2.01468218 -0.88033043  0.90030738]]\n",
      "[[0.00059493 0.00016149 0.00087435]\n",
      " [0.00016149 0.00157567 0.00182205]\n",
      " [0.00087435 0.00182205 0.01586699]]\n",
      "[[ 0.02862297 -0.00983107  0.05443875]\n",
      " [-0.00983107  0.13706732  0.11202625]\n",
      " [ 0.05443875  0.11202625  1.34209374]]\n",
      "775.1055062846152\n",
      "やばい\n",
      "やばい\n",
      "Solving linear variational problem.\n",
      "Solving linear variational problem.\n",
      "Solving linear variational problem.\n",
      "Solving linear variational problem.\n",
      "[[10519.30530805  5663.24915998  -871.49908062]\n",
      " [ 5663.24915998  3338.13574687  -623.4638824 ]\n",
      " [ -871.49908062  -623.4638824    168.0152679 ]]\n",
      "[[153.41587859  73.79892749  -6.91560416]\n",
      " [ 73.79892749  39.71199466  -5.71083109]\n",
      " [ -6.91560416  -5.71083109   1.82256626]]\n",
      "[[ 0.00418494 -0.00992237 -0.01511214]\n",
      " [-0.00992237  0.02450164  0.03945207]\n",
      " [-0.01511214  0.03945207  0.07396189]]\n",
      "[[ 0.38161137 -0.91179465 -1.40901986]\n",
      " [-0.91179465  2.2244107   3.51022788]\n",
      " [-1.40901986  3.51022788  6.20119838]]\n",
      "3790.877200347002\n",
      "Solving linear variational problem.\n",
      "やばい\n",
      "Solving linear variational problem.\n",
      "Solving linear variational problem.\n",
      "Solving linear variational problem.\n",
      "[[5957.22662766   49.08801448  -77.84704034]\n",
      " [  49.08801448   14.70967228   -9.25077288]\n",
      " [ -77.84704034   -9.25077288   56.14312881]]\n",
      "[[ 1.01446577e+02  4.20875064e-01  1.33988274e+00]\n",
      " [ 4.20875064e-01  1.43274752e-01 -2.57920049e-02]\n",
      " [ 1.33988274e+00 -2.57920049e-02  6.85906005e-01]]\n",
      "[[ 0.00017393 -0.00047831  0.00016235]\n",
      " [-0.00047831  0.0771568   0.01205   ]\n",
      " [ 0.00016235  0.01205     0.02002223]]\n",
      "[[ 0.01028081 -0.03404606 -0.02136328]\n",
      " [-0.03404606  7.13991221  0.33498813]\n",
      " [-0.02136328  0.33498813  1.5122543 ]]\n",
      "8772.487084139668\n",
      "Solving linear variational problem.\n",
      "Solving linear variational problem.\n",
      "Solving linear variational problem.\n",
      "Solving linear variational problem.\n",
      "[[1750.29772468  210.37314054   64.9232276 ]\n",
      " [ 210.37314054   79.92850579   20.91106685]\n",
      " [  64.9232276    20.91106685    7.49534653]]\n",
      "[[30.67422779  4.19257754  1.2626177 ]\n",
      " [ 4.19257754  1.13852809  0.30323558]\n",
      " [ 1.2626177   0.30323558  0.12352784]]\n",
      "[[ 0.00087083 -0.00117966 -0.00425187]\n",
      " [-0.00117966  0.04791729 -0.1234652 ]\n",
      " [-0.00425187 -0.1234652   0.51469729]]\n",
      "[[ 0.0678563  -0.18818969 -0.23161381]\n",
      " [-0.18818969  3.05904281 -5.58577694]\n",
      " [-0.23161381 -5.58577694 24.17467898]]\n",
      "5043.038177776489\n",
      "Solving linear variational problem.\n",
      "やばい\n",
      "Solving linear variational problem.\n",
      "Solving linear variational problem.\n",
      "Solving linear variational problem.\n"
     ]
    },
    {
     "name": "stderr",
     "output_type": "stream",
     "text": [
      "Exception ignored in: <function Expr.__del__ at 0x11310ccc0>\n",
      "Traceback (most recent call last):\n",
      "  File \"/Users/naoki/miniconda3/envs/fenicsproject/lib/python3.12/site-packages/ufl/core/expr.py\", line 118, in __del__\n",
      "    def __del__(self):\n",
      "\n",
      "KeyboardInterrupt: \n"
     ]
    },
    {
     "name": "stdout",
     "output_type": "stream",
     "text": [
      "[[560.57746827  59.03677572 -10.0572495 ]\n",
      " [ 59.03677572  90.34992907  -9.8691056 ]\n",
      " [-10.0572495   -9.8691056    1.50348516]]\n",
      "[[ 9.59282770e+00  7.55261579e-01  4.55997426e-03]\n",
      " [ 7.55261579e-01  7.98163436e-01 -9.68004023e-02]\n",
      " [ 4.55997426e-03 -9.68004023e-02  3.18776082e-02]]\n",
      "[[2.03501962e-03 5.55606734e-04 1.72599253e-02]\n",
      " [5.55606734e-04 3.92636691e-02 2.61449320e-01]\n",
      " [1.72599253e-02 2.61449320e-01 2.49677112e+00]]\n",
      "[[ 0.11877876 -0.18117955 -0.56716555]\n",
      " [-0.18117955  2.2596369   6.88759126]\n",
      " [-0.56716555  6.88759126 52.36615801]]\n",
      "1728.4847418735994\n",
      "Solving linear variational problem.\n",
      "Solving linear variational problem.\n",
      "Solving linear variational problem.\n",
      "Solving linear variational problem.\n",
      "[[22462.57927826  5049.46302007   340.79339645]\n",
      " [ 5049.46302007  1187.73626679    45.57185115]\n",
      " [  340.79339645    45.57185115    35.35344462]]\n",
      "[[366.30070633  84.1671475    8.01268088]\n",
      " [ 84.1671475   19.76007138   1.62675235]\n",
      " [  8.01268088   1.62675235   0.69876139]]\n",
      "[[ 0.00283978 -0.01159607 -0.01242665]\n",
      " [-0.01159607  0.04823755  0.04960167]\n",
      " [-0.01242665  0.04960167  0.08413552]]\n",
      "[[ 0.17495776 -0.71759287 -0.3356436 ]\n",
      " [-0.71759287  3.00582806  1.23089921]\n",
      " [-0.3356436   1.23089921  2.41432474]]\n",
      "10737.993336966421\n"
     ]
    },
    {
     "data": {
